1 469 915.31 1545.75 65 927.50 1560.99 19.5162
2 307 370.24 1545.25 331 435.26 1562.52 67.2773
3 307 370.24 1545.25 56 364.14 1560.49 16.4137
4 431 802.54 1535.59 63 859.43 1559.98 62.2681
5 431 802.54 1535.59 61 795.42 1558.96 25.4626
6 365 554.13 1530.01 59 543.97 1560.49 32.1281
7 163 1290.71 1525.94 179 1343.54 1558.45 62.0329
8 163 1290.71 1525.94 23 1265.31 1561.50 43.6987
9 90 1068.72 1515.28 120 1155.08 1560.99 99.9490
10 90 1068.72 1515.28 19 1029.10 1558.96 59.0905
11 279 266.61 1512.74 307 370.24 1545.25 108.6097
12 279 266.61 1512.74 53 252.39 1560.49 49.8244
13 179 1343.54 1558.45 189 1374.02 1511.72 55.7956
14 431 802.54 1535.59 406 711.61 1506.64 95.4288
15 406 711.61 1506.64 60 695.35 1559.47 55.2751
16 339 456.60 1501.56 365 554.13 1530.01 101.5976
17 331 435.26 1562.52 339 456.60 1501.56 64.5844
18 222 1484.77 1499.53 28 1503.05 1560.49 68.1732
19 279 266.61 1512.74 256 197.52 1493.43 71.7325
20 256 197.52 1493.43 50 177.20 1559.47 69.0938
21 406 711.61 1506.64 391 667.92 1492.42 45.9442
22 391 667.92 1492.42 365 554.13 1530.01 162.3560
23 193 1391.30 1491.40 222 1484.77 1499.53 121.1905
24 189 1374.02 1511.72 193 1391.30 1491.40 26.6681
25 76 1024.02 1486.83 90 1068.72 1515.28 52.9868
26 256 197.52 1493.43 250 178.22 1485.30 20.9449
27 222 1484.77 1499.53 32 1558.93 1501.56 83.1004
28 307 370.24 1545.25 315 391.57 1481.24 67.4687
29 446 843.18 1478.70 469 915.31 1545.75 98.4869
30 140 1221.12 1473.62 163 1290.71 1525.94 87.0693
31 120 1155.08 1560.99 140 1221.12 1473.62 109.5230
32 446 843.18 1478.70 439 823.87 1468.54 22.5949
33 439 823.87 1468.54 431 802.54 1535.59 70.3669
34 116 115.23 1466.00 250 178.22 1485.30 65.8820
35 116 115.23 1466.00 20 105.07 1559.47 94.0204
36 388 66.46 1453.81 116 115.23 1466.00 50.2678
37 58 54.27 1560.49 388 66.46 1453.81 107.3720
38 315 391.57 1481.24 282 286.73 1449.36 109.5857
39 282 286.73 1449.36 279 266.61 1512.74 66.4935
40 480 966.11 1449.24 76 1024.02 1486.83 69.0416
41 469 915.31 1545.75 480 966.11 1449.24 109.1172
42 250 178.22 1485.30 252 188.38 1448.73 37.9599
43 411 733.96 1438.57 439 823.87 1468.54 94.7776
44 411 733.96 1438.57 406 711.61 1506.64 71.6462
45 339 456.60 1501.56 345 477.93 1434.51 70.3669
46 189 1374.02 1511.72 150 1253.12 1427.39 147.4041
47 150 1253.12 1427.39 140 1221.12 1473.62 56.2240
48 255 197.52 1424.35 252 188.38 1448.73 26.0415
49 405 71.54 1421.30 388 66.46 1453.81 32.9057
50 405 71.54 1421.30 13 0.42 1428.41 71.4731
51 480 966.11 1449.24 468 915.31 1420.79 58.2217
52 468 915.31 1420.79 446 843.18 1478.70 92.5651
53 365 554.13 1530.01 373 594.77 1420.28 117.0094
54 238 1539.63 1420.28 31 1558.93 1434.51 23.9779
55 222 1484.77 1499.53 238 1539.63 1420.28 96.3841
56 345 477.93 1434.51 325 413.93 1418.25 66.0385
57 315 391.57 1481.24 325 413.93 1418.25 66.8386
58 380 628.30 1414.19 391 667.92 1492.42 110.6149
59 373 594.77 1420.28 380 628.30 1414.19 34.0769
60 405 71.54 1421.30 404 71.54 1409.11 12.1917
61 252 188.38 1448.73 109 112.18 1399.96 108.3085
62 109 112.18 1399.96 404 71.54 1409.11 41.6550
63 144 123.36 1397.93 255 197.52 1424.35 78.7300
64 109 112.18 1399.96 144 123.36 1397.93 11.3590
65 447 847.24 1396.41 468 915.31 1420.79 72.7364
66 447 847.24 1396.41 439 823.87 1468.54 75.8247
67 404 71.54 1409.11 408 72.56 1390.82 18.3158
68 255 197.52 1424.35 259 205.65 1390.82 34.4983
69 359 537.87 1390.82 373 594.77 1420.28 68.0704
70 359 537.87 1390.82 345 477.93 1434.51 98.4578
71 384 657.76 1389.80 411 733.96 1438.57 93.8104
72 380 628.30 1414.19 384 657.76 1389.80 38.2445
73 325 413.93 1418.25 288 307.25 1384.72 111.8220
74 288 307.25 1384.72 282 286.73 1449.36 67.8154
75 238 1539.63 1420.28 49 1561.98 1383.71 42.8640
76 408 72.56 1390.82 12 0.42 1379.64 73.1645
77 238 1539.63 1420.28 215 1468.51 1371.51 86.2324
78 215 1468.51 1371.51 193 1391.30 1491.40 142.5991
79 420 755.80 1367.96 447 847.24 1396.41 95.7608
80 420 755.80 1367.96 411 733.96 1438.57 73.9118
81 259 205.65 1390.82 167 130.47 1364.40 79.6878
82 167 130.47 1364.40 144 123.36 1397.93 34.2751
83 262 220.89 1356.28 288 307.25 1384.72 90.9228
84 262 220.89 1356.28 259 205.65 1390.82 37.7555
85 167 130.47 1364.40 424 78.65 1355.26 52.6154
86 424 78.65 1355.26 408 72.56 1390.82 36.0779
87 420 755.80 1367.96 393 673.00 1342.05 86.7605
88 393 673.00 1342.05 384 657.76 1389.80 50.1239
89 71 1005.73 1339.51 468 915.31 1420.79 121.6750
90 226 1497.97 1333.92 46 1560.96 1362.37 69.1162
91 215 1468.51 1371.51 226 1497.97 1333.92 47.7618
92 90 1068.72 1515.28 125 1183.02 1330.88 220.9957
93 157 127.42 1326.81 262 220.89 1356.28 98.0036
94 167 130.47 1364.40 157 127.42 1326.81 37.7145
95 265 229.02 1318.68 262 220.89 1356.28 38.4598
96 294 328.58 1316.65 288 307.25 1384.72 71.3357
97 366 567.34 1309.54 393 673.00 1342.05 110.5502
98 366 567.34 1309.54 359 537.87 1390.82 86.4536
99 125 1183.02 1330.88 102 1107.33 1307.00 79.3666
100 76 1024.02 1486.83 102 1107.33 1307.00 198.1884
101 457 875.69 1297.86 71 1005.73 1339.51 136.5534
102 457 875.69 1297.86 447 847.24 1396.41 102.5735
103 101 11.60 1295.32 7 -0.59 1328.84 35.6751
104 101 11.60 1295.32 8 -1.61 1291.25 13.8188
105 270 240.19 1289.22 294 328.58 1316.65 92.5487
106 265 229.02 1318.68 270 240.19 1289.22 31.5116
107 356 511.46 1289.22 366 567.34 1309.54 59.4585
108 356 511.46 1289.22 57 493.17 1351.20 64.6163
109 170 131.48 1288.20 265 229.02 1318.68 102.1852
110 170 131.48 1288.20 157 127.42 1326.81 39.0787
111 102 1107.33 1307.00 81 1046.37 1287.70 63.9419
112 81 1046.37 1287.70 71 1005.73 1339.51 66.0014
113 463 90.85 1276.01 170 131.48 1288.20 42.4284
114 424 78.65 1355.26 463 90.85 1276.01 80.1786
115 340 458.63 1276.01 356 511.46 1289.22 54.4567
116 325 413.93 1418.25 340 458.63 1276.01 149.0961
117 426 786.79 1269.92 457 875.69 1297.86 93.1850
118 426 786.79 1269.92 420 755.80 1367.96 102.8222
119 234 1529.47 1264.84 30 1558.93 1271.95 30.3094
120 226 1497.97 1333.92 234 1529.47 1264.84 75.9267
121 463 90.85 1276.01 301 35.98 1262.81 56.4301
122 301 35.98 1262.81 101 11.60 1295.32 47.7180
123 303 352.97 1246.55 340 458.63 1276.01 109.6925
124 303 352.97 1246.55 294 328.58 1316.65 74.2219
125 401 703.48 1243.50 426 786.79 1269.92 87.3977
126 401 703.48 1243.50 393 673.00 1342.05 103.1797
127 458 891.43 1243.50 81 1046.37 1287.70 161.3383
128 458 891.43 1243.50 457 875.69 1297.86 56.5900
129 185 1357.77 1241.47 234 1529.47 1264.84 173.2829
130 150 1253.12 1427.39 185 1357.77 1241.47 216.8906
131 449 851.81 1228.26 458 891.43 1243.50 42.8642
132 161 1276.49 1225.21 185 1357.77 1241.47 82.8877
133 301 35.98 1262.81 462 9.57 1223.18 61.6072
134 401 703.48 1243.50 382 632.36 1222.17 74.2940
135 462 9.57 1223.18 6 -0.59 1219.12 10.9424
136 277 262.55 1219.12 303 352.97 1246.55 94.4913
137 270 240.19 1289.22 277 262.55 1219.12 73.5795
138 146 1236.87 1217.09 161 1276.49 1225.21 40.4481
139 125 1183.02 1330.88 146 1236.87 1217.09 125.8869
140 449 851.81 1228.26 433 806.09 1210.99 48.8726
141 433 806.09 1210.99 426 786.79 1269.92 62.0079
142 371 590.71 1208.96 382 632.36 1222.17 43.6988
143 371 590.71 1208.96 366 567.34 1309.54 104.1871
144 237 1539.63 1202.86 42 1559.95 1205.91 20.5468
145 234 1529.47 1264.84 237 1539.63 1202.86 62.8019
146 277 262.55 1219.12 253 192.44 1200.83 72.4485
147 253 192.44 1200.83 170 131.48 1288.20 113.6254
148 458 891.43 1243.50 464 904.64 1200.83 44.6683
149 118 1153.56 1199.81 146 1236.87 1217.09 85.0817
150 102 1107.33 1307.00 118 1153.56 1199.81 116.7290
151 361 540.92 1191.69 371 590.71 1208.96 52.6938
152 464 904.64 1200.83 453 865.02 1191.69 40.6645
153 453 865.02 1191.69 449 851.81 1228.26 38.8869
154 98 1088.03 1189.15 118 1153.56 1199.81 66.3930
155 81 1046.37 1287.70 98 1088.03 1189.15 106.9915
156 409 721.77 1186.61 433 806.09 1210.99 87.7806
157 409 721.77 1186.61 401 703.48 1243.50 59.7615
158 206 144.69 1184.57 253 192.44 1200.83 50.4420
159 108 112.18 1177.46 206 144.69 1184.57 33.2800
160 108 112.18 1177.46 463 90.85 1276.01 100.8328
161 191 1387.74 1176.96 185 1357.77 1241.47 71.1364
162 352 491.14 1176.45 361 540.92 1191.69 52.0632
163 340 458.63 1276.01 352 491.14 1176.45 104.7392
164 436 816.25 1176.45 453 865.02 1191.69 51.0926
165 436 816.25 1176.45 433 806.09 1210.99 36.0063
166 77 1031.13 1175.94 98 1088.03 1189.15 58.4077
167 390 664.87 1170.35 409 721.77 1186.61 59.1713
168 382 632.36 1222.17 390 664.87 1170.35 61.1699
169 149 1252.61 1167.81 146 1236.87 1217.09 51.9386
170 164 1293.25 1164.76 161 1276.49 1225.21 62.7319
171 338 456.60 1164.26 352 491.14 1176.45 36.6315
172 470 915.82 1157.14 77 1031.13 1175.94 116.8351
173 464 904.64 1200.83 470 915.82 1157.14 45.0938
174 208 1445.65 1155.62 237 1539.63 1202.86 105.2198
175 191 1387.74 1176.96 208 1445.65 1155.62 81.6048
176 152 1258.71 1152.57 164 1293.25 1164.76 36.6316
177 149 1252.61 1167.81 152 1258.71 1152.57 16.4137
178 300 35.98 1152.06 108 112.18 1177.46 80.3200
179 462 9.57 1223.18 300 35.98 1152.06 75.8657
180 317 397.67 1148.00 338 456.60 1164.26 61.1277
181 311 383.45 1146.98 317 397.67 1148.00 14.2599
182 303 352.97 1246.55 311 383.45 1146.98 104.1264
183 470 915.82 1157.14 450 852.83 1142.92 64.5765
184 300 35.98 1152.06 5 -0.59 1141.90 37.9600
185 450 852.83 1142.92 441 827.43 1139.87 25.5816
186 441 827.43 1139.87 436 816.25 1176.45 38.2445
187 128 1184.54 1135.30 149 1252.61 1167.81 75.4941
188 128 1184.54 1135.30 118 1153.56 1199.81 71.6993
189 296 331.63 1128.70 311 383.45 1146.98 54.9474
190 425 785.77 1128.70 441 827.43 1139.87 43.1281
191 187 1368.44 1123.11 191 1387.74 1176.96 74.4738
192 425 785.77 1128.70 412 735.99 1121.58 50.2883
193 409 721.77 1186.61 412 735.99 1121.58 66.5600
194 296 331.63 1128.70 286 297.09 1120.57 35.4865
195 286 297.09 1120.57 277 262.55 1219.12 104.4283
196 317 397.67 1148.00 321 405.80 1118.54 30.5638
197 112 1135.78 1111.93 128 1184.54 1135.30 54.0763
198 112 1135.78 1111.93 98 1088.03 1189.15 91.0564
199 397 693.32 1111.42 412 735.99 1121.58 43.8638
200 390 664.87 1170.35 397 693.32 1111.42 65.4339
201 152 1258.71 1152.57 159 1272.93 1109.90 44.9792
202 210 1451.75 1109.90 208 1445.65 1155.62 54.6761
203 278 264.58 1109.39 286 297.09 1120.57 34.3785
204 253 192.44 1200.83 278 264.58 1109.39 117.1013
205 321 405.80 1118.54 302 350.94 1105.33 56.4301
206 302 350.94 1105.33 296 331.63 1128.70 30.3095
207 474 938.17 1105.33 66 978.81 1122.60 44.1569
208 474 938.17 1105.33 470 915.82 1157.14 57.7078
209 173 1321.70 1103.80 187 1368.44 1123.11 50.5646
210 173 1321.70 1103.80 164 1293.25 1164.76 67.2697
211 237 1539.63 1202.86 243 1560.46 1098.72 106.5183
212 136 1208.93 1092.63 128 1184.54 1135.30 49.1463
213 210 1451.75 1109.90 196 1397.90 1086.53 58.6985
214 159 1272.93 1109.90 173 1321.70 1103.80 68.1538
215 368 578.51 1082.98 397 693.32 1111.42 118.2773
216 361 540.92 1191.69 368 578.51 1082.98 115.0254
217 196 1397.90 1086.53 187 1368.44 1123.11 57.0082
218 159 1272.93 1109.90 139 1216.04 1081.45 63.6102
219 139 1216.04 1081.45 136 1208.93 1092.63 13.2467
220 206 144.69 1184.57 248 176.19 1080.95 108.3100
221 88 1064.66 1078.41 112 1135.78 1111.93 78.6251
222 77 1031.13 1175.94 88 1064.66 1078.41 103.3680
223 450 852.83 1142.92 474 938.17 1105.33 145.6959
224 213 146.72 1070.79 248 176.19 1080.95 31.1658
225 108 112.18 1177.46 213 146.72 1070.79 112.1308
226 136 1208.93 1092.63 121 1159.14 1066.21 56.3569
227 121 1159.14 1066.21 112 1135.78 1111.93 51.3444
228 243 1560.46 1098.72 218 1476.13 1066.21 90.3762
229 218 1476.13 1066.21 210 1451.75 1109.90 50.0309
230 368 578.51 1082.98 349 480.98 1060.63 100.0621
231 338 456.60 1164.26 349 480.98 1060.63 106.4596
232 437 819.30 1055.55 425 785.77 1128.70 81.3152
233 412 735.99 1121.58 418 750.21 1053.51 69.5406
234 349 480.98 1060.63 335 449.99 1050.97 32.4557
235 213 146.72 1070.79 413 74.59 1050.47 74.9416
236 413 74.59 1050.47 300 35.98 1152.06 108.6858
237 335 449.99 1050.97 330 431.71 1047.93 18.5398
238 330 431.71 1047.93 321 405.80 1118.54 75.5398
239 319 403.26 1040.81 330 431.71 1047.93 29.3229
240 302 350.94 1105.33 319 403.26 1040.81 83.0996
241 88 1064.66 1078.41 483 970.68 1039.29 101.7930
242 474 938.17 1105.33 483 970.68 1039.29 73.6076
243 223 1489.34 1031.67 218 1476.13 1066.21 36.9821
244 121 1159.14 1066.21 97 1085.99 1030.65 81.3352
245 97 1085.99 1030.65 88 1064.66 1078.41 52.3006
246 319 403.26 1040.81 298 337.22 1025.57 67.7741
247 298 337.22 1025.57 278 264.58 1109.39 111.0018
248 422 757.33 1023.03 437 819.30 1055.55 70.0163
249 418 750.21 1053.51 422 757.33 1023.03 31.2980
250 418 750.21 1053.51 383 634.90 1016.43 121.1293
251 483 970.68 1039.29 467 908.71 1007.80 69.5183
252 375 606.45 1007.29 383 634.90 1016.43 29.8808
253 375 606.45 1007.29 368 578.51 1082.98 80.6822
254 139 1216.04 1081.45 151 1254.14 1005.76 84.7382
255 271 244.77 1004.24 298 337.22 1025.57 94.8837
256 271 244.77 1004.24 52 228.51 1085.52 85.4719
257 205 1436.51 1000.18 223 1489.34 1031.67 61.5065
258 196 1397.90 1086.53 205 1436.51 1000.18 94.5949
259 369 579.02 998.14 375 606.45 1007.29 28.9152
260 271 244.77 1004.24 258 200.57 994.59 45.2366
261 248 176.19 1080.95 258 200.57 994.59 89.7343
262 350 485.55 993.06 335 449.99 1050.97 67.9565
263 247 170.09 988.49 258 200.57 994.59 31.0829
264 213 146.72 1070.79 247 170.09 988.49 85.5474
265 467 908.71 1007.80 452 857.91 988.49 54.3429
266 437 819.30 1055.55 452 857.91 988.49 77.3744
267 319 403.26 1040.81 334 437.80 987.98 63.1215
268 422 757.33 1023.03 423 774.09 984.94 41.6241
269 151 1254.14 1005.76 135 1206.39 982.40 53.1619
270 135 1206.39 982.40 121 1159.14 1066.21 96.2152
271 274 253.91 981.89 271 244.77 1004.24 24.1495
272 481 97.45 978.84 247 170.09 988.49 73.2807
273 413 74.59 1050.47 481 97.45 978.84 75.1857
274 350 485.55 993.06 369 579.02 998.14 102.9934
275 336 451.01 971.73 350 485.55 993.06 40.6009
276 334 437.80 987.98 336 451.01 971.73 20.9449
277 452 857.91 988.49 440 824.38 970.20 38.1905
278 466 907.69 970.20 467 908.71 1007.80 38.7067
279 190 1385.20 970.20 205 1436.51 1000.18 59.4194
280 173 1321.70 1103.80 190 1385.20 970.20 147.9232
281 403 708.05 962.58 423 774.09 984.94 69.7185
282 481 97.45 978.84 227 15.16 961.57 84.0870
283 126 1184.04 960.04 135 1206.39 982.40 33.6492
284 227 15.16 961.57 3 -0.08 957.50 15.7722
285 298 337.22 1025.57 334 437.80 987.98 147.4176
286 440 824.38 970.20 429 792.89 952.93 35.9202
287 429 792.89 952.93 423 774.09 984.94 37.1145
288 472 916.83 952.93 475 948.33 973.25 37.4811
289 466 907.69 970.20 472 916.83 952.93 19.5427
290 386 658.27 946.33 403 708.05 962.58 52.3696
291 383 634.90 1016.43 386 658.27 946.33 73.8944
292 233 1526.96 946.04 29 1558.50 946.90 31.6392
293 233 1526.96 946.04 37 1559.35 968.20 39.2436
294 233 1526.96 946.04 223 1489.34 1031.67 93.5288
295 119 1153.56 944.80 126 1184.04 960.04 34.0769
296 274 253.91 981.89 280 270.17 932.10 52.3696
297 190 1385.20 970.20 195 1396.38 937.69 34.3785
298 448 850.80 935.66 466 907.69 970.20 66.6791
299 440 824.38 970.20 448 850.80 935.66 43.4857
300 111 1133.24 934.64 119 1153.56 944.80 22.7179
301 97 1085.99 1030.65 111 1133.24 934.64 107.0036
302 386 658.27 946.33 381 628.80 931.09 33.1713
303 73 1014.37 929.56 475 948.33 973.25 103.4541
304 227 15.16 961.57 269 24.30 929.06 33.7726
305 111 1133.24 934.64 104 1112.92 924.48 22.7180
306 381 628.80 931.09 374 602.39 922.96 27.6376
307 374 602.39 922.96 369 579.02 998.14 78.7300
308 269 24.30 929.06 16 0.93 921.95 24.4257
309 472 916.83 952.93 454 867.05 913.31 63.6264
310 448 850.80 935.66 454 867.05 913.31 27.6375
311 233 1526.96 946.04 219 1477.65 913.31 59.1843
312 205 1436.51 1000.18 219 1477.65 913.31 96.1186
313 486 984.90 912.29 73 1014.37 929.56 34.1525
314 475 948.33 973.25 486 984.90 912.29 71.0893
315 195 1396.38 937.69 198 1408.57 910.26 30.0186
316 257 199.05 907.72 280 270.17 932.10 75.1822
317 247 170.09 988.49 257 199.05 907.72 86.3259
318 239 1544.86 906.84 36 1559.35 917.06 17.7355
319 239 1544.86 906.84 233 1526.96 946.04 43.0989
320 429 792.89 952.93 415 741.58 896.55 76.3385
321 403 708.05 962.58 415 741.58 896.55 75.1813
322 145 123.86 894.51 481 97.45 978.84 88.3666
323 477 960.52 891.97 486 984.90 912.29 31.7401
324 472 916.83 952.93 477 960.52 891.97 74.9967
325 374 602.39 922.96 355 507.90 891.47 99.6086
326 336 451.01 971.73 355 507.90 891.47 98.3820
327 454 867.05 913.31 445 832.51 888.93 42.2822
328 445 832.51 888.93 429 792.89 952.93 75.2783
329 104 1112.92 924.48 79 1034.69 887.91 86.3580
330 79 1034.69 887.91 73 1014.37 929.56 46.3468
331 172 1310.02 884.86 195 1396.38 937.69 102.5706
332 151 1254.14 1005.76 172 1310.02 884.86 133.2222
333 257 199.05 907.72 158 127.93 883.34 75.1823
334 158 127.93 883.34 145 123.86 894.51 11.8917
335 201 1423.81 879.78 219 1477.65 913.31 63.4315
336 198 1408.57 910.26 201 1423.81 879.78 34.0768
337 239 1544.86 906.84 224 1495.00 877.43 57.8854
338 219 1477.65 913.31 224 1495.00 877.43 39.8509
339 126 1184.04 960.04 143 1227.72 876.73 94.0698
340 104 1112.92 924.48 113 1138.32 874.70 55.8879
341 355 507.90 891.47 332 435.77 869.11 75.5179
342 332 435.77 869.11 274 253.91 981.89 216.2625
343 242 1560.20 868.48 239 1544.86 906.84 41.3089
344 348 48.68 868.10 145 123.86 894.51 79.6878
345 269 24.30 929.06 348 48.68 868.10 65.6544
346 160 1275.47 862.51 172 1310.02 884.86 41.1439
347 135 1206.39 982.40 160 1275.47 862.51 138.3669
348 143 1227.72 876.73 119 1153.56 944.80 129.0083
349 113 1138.32 874.70 106 1113.93 858.45 29.3052
350 323 409.35 857.94 332 435.77 869.11 28.6822
351 280 270.17 932.10 323 409.35 857.94 169.4762
352 477 960.52 891.97 471 915.82 857.43 56.4942
353 471 915.82 857.43 454 867.05 913.31 74.1663
354 236 1530.80 850.16 242 1560.20 868.48 34.6476
355 160 1275.47 862.51 148 1248.04 848.29 30.8998
356 148 1248.04 848.29 143 1227.72 876.73 34.9590
357 224 1495.00 877.43 207 1442.16 845.04 61.9793
358 207 1442.16 845.04 201 1423.81 879.78 39.2869
359 198 1408.57 910.26 175 1330.34 844.22 103.5895
360 175 1330.34 844.22 172 1310.02 884.86 45.4449
361 415 741.58 896.55 402 703.48 843.21 65.6587
362 95 1082.44 841.17 106 1113.93 858.45 35.9202
363 231 1510.34 840.78 236 1530.80 850.16 22.5018
364 224 1495.00 877.43 231 1510.34 840.78 39.7311
365 202 143.17 840.67 158 127.93 883.34 45.3107
366 355 507.90 891.47 363 543.46 835.59 66.2336
367 89 1066.18 831.02 95 1082.44 841.17 19.1694
368 79 1034.69 887.91 89 1066.18 831.02 65.0305
369 182 1350.53 830.98 201 1423.81 879.78 88.0387
370 182 1350.53 830.98 175 1330.34 844.22 24.1612
371 402 703.48 843.21 389 661.32 830.51 44.0341
372 389 661.32 830.51 381 628.80 931.09 105.7055
373 378 61.89 828.48 348 48.68 868.10 41.7664
374 289 307.76 823.40 323 409.35 857.94 107.3094
375 280 270.17 932.10 289 307.76 823.40 115.0254
376 166 1299.86 818.82 175 1330.34 844.22 39.6751
377 160 1275.47 862.51 166 1299.86 818.82 50.0311
378 82 1046.68 818.62 89 1066.18 831.02 23.1070
379 186 1360.76 817.34 182 1350.53 830.98 17.0463
380 202 143.17 840.67 378 61.89 828.48 92.5644
381 378 61.89 828.48 2 -0.08 809.17 64.9113
382 353 503.84 806.12 363 543.46 835.59 49.3769
383 353 503.84 806.12 323 409.35 857.94 108.2352
384 231 1510.34 840.78 212 1459.20 804.98 62.4231
385 212 1459.20 804.98 207 1442.16 845.04 43.5349
386 82 1046.68 818.62 75 1023.67 801.58 28.6384
387 75 1023.67 801.58 477 960.52 891.97 110.2696
388 241 1558.07 801.58 236 1530.80 850.16 55.7145
389 148 1248.04 848.29 131 1189.12 801.55 75.2097
390 113 1138.32 874.70 131 1189.12 801.55 89.0594
391 268 239.69 801.04 289 307.76 823.40 71.6462
392 257 199.05 907.72 268 239.69 801.04 114.1562
393 419 751.74 796.98 445 832.51 888.93 123.0581
394 419 751.74 796.98 402 703.48 843.21 66.8271
395 367 575.97 791.90 389 661.32 830.51 93.6684
396 363 543.46 835.59 367 575.97 791.90 54.4568
397 75 1023.67 801.58 69 1001.51 781.97 29.5865
398 174 1325.81 780.69 186 1360.76 817.34 50.6394
399 166 1299.86 818.82 174 1325.81 780.69 46.1265
400 445 832.51 888.93 461 897.53 775.14 131.0570
401 268 239.69 801.04 246 165.52 774.63 78.7300
402 246 165.52 774.63 202 143.17 840.67 69.7185
403 93 1079.92 774.30 82 1046.68 818.62 55.4006
404 367 575.97 791.90 358 537.37 773.61 42.7194
405 358 537.37 773.61 353 503.84 806.12 47.3734
406 487 985.31 770.89 69 1001.51 781.97 19.6218
407 487 985.31 770.89 471 915.82 857.43 111.0181
408 166 1299.86 818.82 142 1226.09 761.94 93.1480
409 142 1226.09 761.94 131 1189.12 801.55 54.4348
410 178 1336.04 760.24 174 1325.81 780.69 22.8700
411 212 1459.20 804.98 194 1395.28 758.96 78.7690
412 194 1395.28 758.96 186 1360.76 817.34 67.8249
413 479 964.86 754.70 487 985.31 770.89 26.0898
414 220 1480.51 754.70 241 1558.07 801.58 90.6265
415 220 1480.51 754.70 212 1459.20 804.98 54.6149
416 376 606.45 750.24 367 575.97 791.90 51.6152
417 78 1033.04 744.47 93 1079.92 774.30 55.5643
418 69 1001.51 781.97 78 1033.04 744.47 48.9990
419 246 165.52 774.63 285 29.38 738.05 140.9683
420 235 1530.80 734.24 40 1559.78 747.88 32.0271
421 132 1195.41 732.96 142 1226.09 761.94 42.2048
422 132 1195.41 732.96 106 1113.93 858.45 150.3704
423 473 924.80 730.83 479 964.86 754.70 46.6288
424 461 897.53 775.14 473 924.80 730.83 52.0227
425 1 -0.08 727.89 285 29.38 738.05 31.1658
426 93 1079.92 774.30 105 1113.16 726.57 58.1640
427 194 1395.28 758.96 184 1353.51 725.72 53.3771
428 178 1336.04 760.24 184 1353.51 725.72 38.6890
429 435 811.87 723.59 461 897.53 775.14 99.9771
430 435 811.87 723.59 419 751.74 796.98 95.8563
431 399 697.89 722.81 419 751.74 796.98 91.6521
432 389 661.32 830.51 399 697.89 722.81 113.7349
433 199 1415.73 719.75 220 1480.51 754.70 73.6009
434 194 1395.28 758.96 199 1415.73 719.75 44.2220
435 364 551.59 717.73 376 606.45 750.24 63.8931
436 358 537.37 773.61 364 551.59 717.73 57.6606
437 155 1265.73 712.93 178 1336.04 760.24 84.7466
438 142 1226.09 761.94 155 1265.73 712.93 63.2499
439 299 346.36 707.57 358 537.37 773.61 202.0977
440 299 346.36 707.57 289 307.76 823.40 122.0864
441 123 1168.99 707.39 132 1195.41 732.96 36.7683
442 95 1082.44 841.17 123 1168.99 707.39 159.8403
443 216 1471.13 698.45 235 1530.80 734.24 69.5774
444 87 1063.73 693.33 105 1113.16 726.57 59.5708
445 78 1033.04 744.47 87 1063.73 693.33 59.6378
446 443 830.19 689.07 435 811.87 723.59 39.0813
447 479 964.86 754.70 68 1001.51 689.07 75.1684
448 123 1168.99 707.39 115 1146.40 688.22 29.6295
449 105 1113.16 726.57 115 1146.40 688.22 50.7540
450 204 1433.63 677.14 216 1471.13 698.45 43.1326
451 204 1433.63 677.14 199 1415.73 719.75 46.2220
452 235 1530.80 734.24 45 1560.63 672.88 68.2333
453 387 658.45 668.19 399 697.89 722.81 67.3764
454 376 606.45 750.24 387 658.45 668.19 97.1445
455 68 1001.51 689.07 478 964.01 667.76 43.1326
456 478 964.01 667.76 473 924.80 730.83 74.2642
457 430 793.12 667.34 443 830.19 689.07 42.9766
458 260 208.19 659.82 299 346.36 707.57 146.1912
459 260 208.19 659.82 246 165.52 774.63 122.4789
460 115 1146.40 688.22 100 1095.26 647.31 65.4899
461 100 1095.26 647.31 87 1063.73 693.33 55.7926
462 184 1353.51 725.72 165 1294.70 643.90 101.0483
463 165 1294.70 643.90 155 1265.73 712.93 74.9956
464 306 368.66 637.50 299 346.36 707.57 73.5323
465 430 793.12 667.34 417 748.80 636.65 53.9052
466 129 1185.61 633.67 165 1294.70 643.90 109.5749
467 115 1146.40 688.22 129 1185.61 633.67 67.1764
468 230 1506.08 627.70 44 1560.63 657.53 62.1725
469 216 1471.13 698.45 230 1506.08 627.70 78.9026
470 327 426.63 621.22 364 551.59 717.73 170.7004
471 364 551.59 717.73 327 426.63 621.22 192.3650
472 100 1095.26 647.31 86 1061.17 611.51 49.4344
473 86 1061.17 611.51 68 1001.51 689.07 97.9064
474 230 1506.08 627.70 214 1463.46 611.51 45.5890
475 214 1463.46 611.51 204 1433.63 677.14 72.0900
476 417 748.80 636.65 400 699.36 608.53 56.8758
477 400 699.36 608.53 387 658.45 668.19 72.3416
478 107 1114.87 605.54 100 1095.26 647.31 46.1355
479 86 1061.17 611.51 107 1114.87 605.54 54.0264
480 327 426.63 621.22 310 381.92 604.96 47.5668
481 310 381.92 604.96 306 368.66 637.50 35.1418
482 324 41.57 601.91 260 208.19 659.82 176.3971
483 285 29.38 738.05 324 41.57 601.91 144.7652
484 200 1419.14 598.72 214 1463.46 611.51 46.1276
485 200 1419.14 598.72 184 1353.51 725.72 142.9506
486 72 1005.77 597.87 86 1061.17 611.51 57.0544
487 478 964.01 667.76 72 1005.77 597.87 81.4174
488 129 1185.61 633.67 134 1206.06 595.31 43.4682
489 134 1206.06 595.31 107 1114.87 605.54 91.8952
490 324 41.57 601.91 0 -0.08 591.75 42.8761
491 400 699.36 608.53 407 715.56 588.07 26.0898
492 476 952.93 585.94 72 1005.77 597.87 54.1741
493 306 368.66 637.50 264 228.51 585.66 149.4351
494 260 208.19 659.82 264 228.51 585.66 76.8995
495 313 387.84 578.27 310 381.92 604.96 27.3400
496 84 1055.20 575.71 86 1061.17 611.51 36.2911
497 165 1294.70 643.90 154 1261.46 573.15 78.3135
498 134 1206.06 595.31 154 1261.46 573.15 59.6821
499 176 1331.35 572.30 200 1419.14 598.72 91.7371
500 176 1331.35 572.30 165 1294.70 643.90 80.4300
501 476 952.93 585.94 465 906.05 569.75 49.5958
502 465 906.05 569.75 443 830.19 689.07 141.3947
503 154 1261.46 573.15 176 1331.35 572.30 70.5370
504 240 1549.55 567.19 43 1560.63 568.89 11.2106
505 240 1549.55 567.19 230 1506.08 627.70 76.0561
506 154 1261.46 573.15 141 1223.11 566.34 38.9556
507 396 680.61 560.80 407 715.56 588.07 44.3287
508 387 658.45 668.19 354 505.89 552.27 191.6046
509 455 869.82 551.42 465 906.05 569.75 40.5948
510 455 869.82 551.42 430 793.12 667.34 138.9982
511 225 1496.70 550.14 240 1549.55 567.19 55.5250
512 214 1463.46 611.51 225 1496.70 550.14 69.7912
513 276 259.14 545.88 264 228.51 585.66 51.6657
514 276 259.14 545.88 313 387.84 578.27 133.7286
515 354 505.89 552.27 320 404.46 544.60 126.1863
516 320 404.46 544.60 313 387.84 578.27 38.8803
517 379 62.91 535.87 324 41.57 601.91 69.3994
518 264 228.51 585.66 379 62.91 535.87 174.7792
519 176 1331.35 572.30 188 1371.84 533.52 58.7552
520 147 1238.88 529.26 141 1223.11 566.34 40.2894
521 438 822.95 525.85 455 869.82 551.42 53.3975
522 417 748.80 636.65 438 822.95 525.85 133.3243
523 379 62.91 535.87 15 0.93 517.59 64.6164
524 428 788.85 502.84 438 822.95 525.85 41.1325
525 407 715.56 588.07 428 788.85 502.84 112.4154
526 320 404.46 544.60 333 436.00 501.99 53.0152
527 232 1523.55 500.28 35 1559.35 508.80 37.1610
528 225 1496.70 550.14 232 1523.55 500.28 56.6294
529 124 1173.25 494.32 147 1238.88 529.26 74.3522
530 92 1079.07 499.00 85 1059.47 490.48 21.3760
531 442 83.23 478.98 276 259.14 545.88 190.6578
532 379 62.91 535.87 442 83.23 478.98 60.4143
533 394 673.79 476.42 396 680.61 560.80 115.1851
534 188 1371.84 533.52 156 1269.56 475.56 117.5580
535 147 1238.88 529.26 156 1269.56 475.56 61.8444
536 292 31.95 462.07 442 83.23 478.98 53.9892
537 370 579.18 461.93 354 505.89 552.27 116.3405
538 103 1112.74 460.22 124 1173.25 494.32 69.4573
539 103 1112.74 460.22 92 1079.07 499.00 54.0190
540 333 436.00 501.99 312 387.41 459.37 64.6245
541 11 0.26 453.01 292 31.95 462.07 32.9638
542 103 1112.74 460.22 96 1085.89 444.45 31.1359
543 85 1059.47 490.48 96 1085.89 444.45 53.0700
544 156 1269.56 475.56 133 1205.64 441.47 72.4469
545 133 1205.64 441.47 124 1173.25 494.32 61.9793
546 485 98.05 439.34 25 133.85 450.42 37.4729
547 485 98.05 439.34 442 83.23 478.98 42.3207
548 203 1430.65 438.91 232 1523.55 500.28 111.6467
549 203 1430.65 438.91 188 1371.84 533.52 111.3962
550 444 830.62 435.51 428 788.85 502.84 79.2334
551 377 608.16 433.80 394 673.79 476.42 78.2509
552 370 579.18 461.93 377 608.16 433.80 40.3840
553 96 1085.89 444.45 83 1049.24 425.70 41.1679
554 83 1049.24 425.70 476 952.93 585.94 186.9529
555 74 102.31 422.29 485 98.05 439.34 17.5710
556 232 1523.55 500.28 34 1559.35 417.61 90.1867
557 312 387.41 459.37 273 249.34 415.90 196.4656
558 312 387.41 459.37 328 428.32 415.05 60.3161
559 357 516.97 413.35 370 579.18 461.93 78.9395
560 333 436.00 501.99 357 516.97 413.35 120.0557
561 94 108.28 408.66 27 143.22 419.74 36.6595
562 94 108.28 408.66 74 102.31 422.29 14.8851
563 427 788.85 406.53 444 830.62 435.51 50.8326
564 396 680.61 560.80 427 788.85 406.53 188.4565
565 133 1205.64 441.47 114 1142.57 405.67 72.5222
566 114 1142.57 405.67 103 1112.74 460.22 62.1724
567 74 102.31 422.29 347 48.56 404.72 56.5593
568 292 31.95 462.07 347 48.56 404.72 59.7085
569 211 1451.96 400.56 203 1430.65 438.91 43.8757
570 110 1128.93 396.30 114 1142.57 405.67 16.5490
571 347 48.56 404.72 67 10.82 392.64 39.6176
572 67 10.82 392.64 17 1.77 416.79 25.7911
573 273 249.34 415.90 261 212.26 389.05 45.7758
574 67 10.82 392.64 10 0.04 387.35 12.0151
575 83 1049.24 425.70 482 970.40 386.92 87.8610
576 416 743.68 378.40 427 788.85 406.53 53.2136
577 394 673.79 476.42 416 743.68 378.40 120.3820
578 284 287.69 371.58 312 387.41 459.37 132.8580
579 273 249.34 415.90 284 287.69 371.58 58.8353
580 357 516.97 413.35 342 469.24 369.88 64.5570
581 328 428.32 415.05 342 469.24 369.88 60.9451
582 261 212.26 389.05 137 121.92 360.93 94.6225
583 137 121.92 360.93 94 108.28 408.66 49.6397
584 392 668.25 357.52 377 608.16 433.80 97.1062
585 395 68.22 344.73 137 121.92 360.93 56.0848
586 347 48.56 404.72 395 68.22 344.73 63.1233
587 183 1351.38 343.46 211 1451.96 400.56 115.6548
588 156 1269.56 475.56 183 1351.38 343.46 155.3954
589 482 970.40 386.92 459 891.98 341.75 90.4942
590 444 830.62 435.51 459 891.98 341.75 112.0529
591 395 68.22 344.73 287 30.72 331.95 39.6213
592 67 10.82 392.64 287 30.72 331.95 63.8701
593 70 1004.49 328.97 110 1128.93 396.30 141.4871
594 70 1004.49 328.97 482 970.40 386.92 67.2413
595 293 325.62 325.98 328 428.32 415.05 135.9452
596 284 287.69 371.58 293 325.62 325.98 59.3111
597 287 30.72 331.95 9 0.04 321.72 32.3431
598 266 232.72 320.02 284 287.69 371.58 75.3735
599 261 212.26 389.05 266 232.72 320.02 72.0044
600 229 1506.08 319.16 33 1559.35 347.72 60.4394
601 211 1451.96 400.56 229 1506.08 319.16 99.1570
602 229 1506.08 319.16 47 1561.05 317.89 54.9894
603 459 891.98 341.75 451 854.48 315.33 45.8749
604 451 854.48 315.33 427 788.85 406.53 112.7533
605 127 1184.33 310.21 110 1128.93 396.30 102.3703
606 266 232.72 320.02 192 139.82 295.30 96.1344
607 192 139.82 295.30 137 121.92 360.93 68.0254
608 316 391.67 294.87 342 469.24 369.88 107.8947
609 183 1351.38 343.46 153 1260.19 292.32 104.5574
610 153 1260.19 292.32 127 1184.33 310.21 101.2932
611 362 542.11 286.78 357 516.97 413.35 143.9199
612 451 854.48 315.33 432 804.20 283.79 59.3570
613 432 804.20 283.79 416 743.68 378.40 112.3055
614 305 364.40 278.68 316 391.67 294.87 31.7195
615 305 364.40 278.68 293 325.62 325.98 61.3086
616 293 325.62 325.98 272 247.21 268.02 98.5867
617 272 247.21 268.02 266 232.72 320.02 53.9726
618 197 1403.80 259.50 229 1506.08 319.16 118.4077
619 197 1403.80 259.50 183 1351.38 343.46 98.9734
620 291 309.85 257.37 305 364.40 278.68 58.7405
621 460 893.69 253.96 70 1004.49 328.97 136.2717
622 460 893.69 253.96 451 854.48 315.33 72.8220
623 291 309.85 257.37 272 247.21 268.02 80.9237
624 421 756.89 244.16 432 804.20 283.79 61.7121
625 392 668.25 357.52 421 756.89 244.16 143.9003
626 162 1286.61 240.32 153 1260.19 292.32 58.3199
627 244 160.27 233.08 192 139.82 295.30 65.4954
628 127 1184.33 310.21 122 1163.87 230.95 109.7019
629 432 804.20 283.79 460 893.69 253.96 130.7549
630 362 542.11 286.78 344 476.48 221.15 93.5239
631 421 756.89 244.16 410 727.06 220.30 38.2025
632 434 81.86 210.07 244 160.27 233.08 81.7954
633 192 139.82 295.30 434 81.86 210.07 117.8442
634 337 455.60 209.64 344 476.48 221.15 23.8420
635 197 1403.80 259.50 169 1309.62 202.82 109.9207
636 162 1286.61 240.32 169 1309.62 202.82 43.9997
637 337 455.60 209.64 326 422.36 201.12 34.3157
638 316 391.67 294.87 326 422.36 201.12 98.6481
639 410 727.06 220.30 398 696.38 199.84 36.8769
640 398 696.38 199.84 392 668.25 357.52 223.8858
641 329 43.93 192.59 434 81.86 210.07 41.7592
642 329 43.93 192.59 14 0.46 249.70 71.7797
643 326 422.36 201.12 314 390.82 191.74 32.8999
644 130 1188.59 188.33 162 1286.61 240.32 110.9519
645 122 1163.87 230.95 130 1188.59 188.33 49.2651
646 122 1163.87 230.95 99 1088.87 187.48 86.6895
647 99 1088.87 187.48 70 1004.49 328.97 164.8242
648 314 390.82 191.74 304 361.84 182.37 30.4576
649 244 160.27 233.08 249 176.46 181.94 53.6418
650 209 1448.97 179.38 39 1559.78 239.90 126.2494
651 209 1448.97 179.38 197 1403.80 259.50 91.9753
652 304 361.84 182.37 295 328.60 176.40 33.7716
653 295 328.60 176.40 291 309.85 257.37 83.1872
654 341 463.27 168.73 337 455.60 209.64 41.6242
655 385 658.02 164.89 398 696.38 199.84 51.8864
656 385 658.02 164.89 362 542.11 286.78 169.2605
657 318 401.05 151.68 341 463.27 168.73 64.5120
658 314 390.82 191.74 318 401.05 151.68 41.3440
659 249 176.46 181.94 414 74.61 149.98 106.9814
660 414 74.61 149.98 329 43.93 192.59 53.1082
661 263 222.06 149.98 295 328.60 176.40 109.7670
662 138 1210.75 148.27 169 1309.62 202.82 112.9183
663 138 1210.75 148.27 130 1188.59 188.33 45.7798
664 341 463.27 168.73 343 470.09 146.57 23.1855
665 308 371.22 144.87 318 401.05 151.68 30.6005
666 304 361.84 182.37 308 371.22 144.87 38.6561
667 251 187.97 141.46 263 222.06 149.98 35.1419
668 249 176.46 181.94 251 187.97 141.46 42.0884
669 414 74.61 149.98 351 49.90 138.05 27.4467
670 351 49.90 138.05 4 -0.39 199.41 79.3393
671 217 1473.27 136.34 38 1559.78 181.94 97.7920
672 217 1473.27 136.34 209 1448.97 179.38 49.4233
673 343 470.09 146.57 322 407.87 132.08 63.8840
674 318 401.05 151.68 322 407.87 132.08 20.7553
675 484 978.92 124.41 99 1088.87 187.48 126.7548
676 460 893.69 253.96 484 978.92 124.41 155.0748
677 209 1448.97 179.38 181 1348.83 123.56 114.6564
678 169 1309.62 202.82 181 1348.83 123.56 91.8744
679 221 1483.49 121.00 217 1473.27 136.34 18.4384
680 322 407.87 132.08 309 376.33 119.30 34.0287
681 309 376.33 119.30 308 371.22 144.87 26.0759
682 228 1505.23 112.05 48 1561.48 144.44 64.9105
683 228 1505.23 112.05 221 1483.49 121.00 23.5045
684 372 593.25 105.23 385 658.02 164.89 88.0654
685 344 476.48 221.15 372 593.25 105.23 164.5325
686 117 115.52 104.81 251 187.97 141.46 83.1881
687 117 115.52 104.81 414 74.61 149.98 61.0749
688 275 257.01 98.84 308 371.22 144.87 134.8710
689 228 1505.23 112.05 41 1559.78 94.15 60.3854
690 275 257.01 98.84 267 237.41 91.17 21.0507
691 263 222.06 149.98 267 237.41 91.17 61.3438
692 309 376.33 119.30 281 276.61 91.17 103.6118
693 281 276.61 91.17 275 257.01 98.84 24.8560
694 181 1348.83 123.56 168 1306.21 91.17 53.5266
695 171 131.72 74.98 117 115.52 104.81 33.9432
696 168 1306.21 91.17 22 1265.30 70.71 45.7402
697 309 376.33 119.30 290 309.00 65.60 103.5028
698 372 593.25 105.23 360 540.83 57.08 71.1799
699 360 540.83 57.08 343 470.09 146.57 116.3165
700 283 286.84 56.22 290 309.00 65.60 24.0619
701 283 286.84 56.22 281 276.61 91.17 36.4110
702 351 49.90 138.05 456 87.40 54.52 92.0348
703 91 1073.53 49.41 138 1210.75 148.27 172.3452
704 177 1331.78 49.41 217 1473.27 136.34 166.0597
705 168 1306.21 91.17 177 1331.78 49.41 48.9693
706 456 87.40 54.52 171 131.72 74.98 63.9201
707 180 1345.42 28.95 221 1483.49 121.00 165.9459
708 177 1331.78 49.41 180 1345.42 28.95 24.5846
709 80 1040.29 24.69 91 1073.53 49.41 41.4230
710 484 978.92 124.41 80 1040.29 24.69 117.0905
711 290 309.00 65.60 297 334.57 17.02 55.7409
712 254 195.64 10.20 283 286.84 56.22 102.1629
713 267 237.41 91.17 254 195.64 10.20 120.5340
714 297 334.57 17.02 55 343.09 1.68 17.5503
715 346 479.46 1.68 360 540.83 57.08 82.6748
716 297 334.57 17.02 346 479.46 1.68 167.6538
717 410 727.06 220.30 62 845.11 1.68 249.1377
718 91 1073.53 49.41 21 1099.95 1.68 54.5549
719 456 87.40 54.52 64 86.55 0.82 53.7689
720 254 195.64 10.20 245 161.55 0.82 35.3583
721 171 131.72 74.98 245 161.55 0.82 80.3624
722 254 195.64 10.20 51 200.76 0.82 10.6795
723 297 334.57 17.02 54 299.62 0.82 38.5149
724 180 1345.42 28.95 24 1299.39 0.82 53.9390
725 80 1040.29 24.69 18 1007.05 -0.03 41.4230
726 26 1344.57 -0.03 228 1505.23 112.05 195.8930
727 141 1223.11 566.34 72 1005.77 597.87 237.9361
728 85 1059.47 490.48 84 1055.20 575.71 102.6750
729 92 1079.07 499.00 84 1055.20 575.71 103.1701
730 124 1173.25 494.32 107 1114.87 605.54 126.1790
