1 235 470.88 1543.26 50 478.85 1560.33 18.8372
2 235 470.88 1543.26 49 452.68 1560.33 24.9582
3 326 946.00 1537.00 58 918.69 1559.76 35.5521
4 180 233.61 1522.21 46 270.60 1560.33 55.2688
5 180 233.61 1522.21 45 218.25 1561.47 42.1595
6 326 946.00 1537.00 331 969.89 1517.66 30.7469
7 130 1408.02 1510.83 32 1485.41 1560.90 92.1705
8 130 1408.02 1510.83 27 1377.30 1559.76 57.7806
9 230 451.54 1498.88 235 470.88 1543.26 48.4149
10 226 443.57 1484.09 230 451.54 1498.88 16.8023
11 226 443.57 1484.09 48 384.40 1561.47 97.4165
12 117 1354.54 1477.83 130 1408.02 1510.83 62.8477
13 117 1354.54 1477.83 24 1302.19 1559.76 97.2302
14 198 340.58 1476.69 47 334.33 1560.33 83.8764
15 8 -1.95 1480.10 166 17.39 1471.00 21.3810
16 258 610.86 1464.74 53 765.06 1560.90 181.7247
17 230 451.54 1498.88 258 610.86 1464.74 164.2338
18 220 430.49 1456.21 226 443.57 1484.09 30.7995
19 198 340.58 1476.69 220 430.49 1456.21 93.3458
20 187 270.03 1452.79 198 340.58 1476.69 75.4970
21 187 270.03 1452.79 180 233.61 1522.21 78.3895
22 273 69.74 1444.83 29 142.57 1559.76 136.0700
23 166 17.39 1471.00 273 69.74 1444.83 58.5265
24 153 1478.01 1444.26 34 1557.10 1448.24 79.1908
25 153 1478.01 1444.26 31 1476.30 1474.41 30.2050
26 282 737.74 1439.14 258 610.86 1464.74 129.4604
27 124 1377.87 1438.57 153 1478.01 1444.26 100.3050
28 124 1377.87 1438.57 117 1354.54 1477.83 45.6689
29 124 1377.87 1438.57 113 1332.91 1433.45 45.2416
30 292 798.06 1428.89 54 816.27 1559.76 132.1298
31 292 798.06 1428.89 282 737.74 1439.14 61.1771
32 166 17.39 1471.00 5 -0.81 1423.20 51.1465
33 82 1144.01 1423.20 113 1332.91 1433.45 189.2734
34 82 1144.01 1423.20 23 1257.81 1560.90 178.6770
35 273 69.74 1444.83 80 112.99 1422.07 48.8675
36 304 849.27 1416.38 326 946.00 1537.00 155.2247
37 304 849.27 1416.38 292 798.06 1428.89 52.7175
38 82 1144.01 1423.20 77 1093.94 1415.24 50.7014
39 331 969.89 1517.66 77 1093.94 1415.24 165.9379
40 69 1037.04 1406.13 77 1093.94 1415.24 57.6235
41 331 969.89 1517.66 69 1037.04 1406.13 138.8759
42 198 340.58 1476.69 200 350.83 1402.72 74.6753
43 258 610.86 1464.74 238 501.04 1397.03 129.0131
44 220 430.49 1456.21 238 501.04 1397.03 93.5720
45 220 430.49 1456.21 214 403.17 1392.48 69.3336
46 200 350.83 1402.72 214 403.17 1392.48 53.3402
47 193 308.72 1386.79 200 350.83 1402.72 45.0191
48 187 270.03 1452.79 193 308.72 1386.79 76.5084
49 129 1406.32 1385.08 124 1377.87 1438.57 60.6009
50 74 1080.28 1382.24 77 1093.94 1415.24 36.9334
51 69 1037.04 1406.13 310 883.41 1381.10 155.6556
52 310 883.41 1381.10 304 849.27 1416.38 49.0923
53 172 204.03 1378.82 187 270.03 1452.79 101.9602
54 80 112.99 1422.07 172 204.03 1378.82 100.7880
55 288 786.68 1365.17 310 883.41 1381.10 98.0327
56 238 501.04 1397.03 222 436.18 1354.92 77.3333
57 214 403.17 1392.48 222 436.18 1354.92 49.9940
58 288 786.68 1365.17 275 697.91 1352.65 89.6418
59 186 262.06 1349.23 193 308.72 1386.79 59.8935
60 172 204.03 1378.82 186 262.06 1349.23 65.1445
61 299 82.26 1348.10 80 112.99 1422.07 80.0973
62 299 82.26 1348.10 14 0.32 1386.79 90.6117
63 268 663.77 1348.10 275 697.91 1352.65 34.4419
64 268 663.77 1348.10 282 737.74 1439.14 121.9183
65 113 1332.91 1433.45 101 1250.98 1344.68 123.1025
66 101 1250.98 1344.68 82 1144.01 1423.20 139.6357
67 141 1437.04 1344.11 37 1558.81 1374.84 127.1658
68 141 1437.04 1344.11 129 1406.32 1385.08 51.2097
69 256 608.01 1337.85 268 663.77 1348.10 56.6945
70 286 76.57 1329.89 299 82.26 1348.10 19.0762
71 241 521.53 1325.34 256 608.01 1337.85 87.3887
72 238 501.04 1397.03 241 521.53 1325.34 75.0302
73 286 76.57 1329.89 13 0.32 1316.23 77.4588
74 241 521.53 1325.34 227 446.42 1315.09 75.8026
75 222 436.18 1354.92 227 446.42 1315.09 41.1256
76 152 1476.87 1311.11 35 1557.67 1329.32 82.8238
77 152 1476.87 1311.11 141 1437.04 1344.11 51.7255
78 256 608.01 1337.85 254 596.63 1307.13 35.0990
79 129 1406.32 1385.08 112 1327.79 1302.01 114.3103
80 101 1250.98 1344.68 112 1327.79 1302.01 87.8727
81 184 257.51 1296.89 186 262.06 1349.23 52.5453
82 285 757.09 1295.75 288 786.68 1365.17 78.2060
83 275 697.91 1352.65 285 757.09 1295.75 83.4774
84 334 989.24 1291.20 74 1080.28 1382.24 128.7493
85 170 185.82 1288.92 184 257.51 1296.89 72.1348
86 170 185.82 1288.92 172 204.03 1378.82 92.9277
87 101 1250.98 1344.68 92 1180.99 1288.35 90.1654
88 74 1080.28 1382.24 92 1180.99 1288.35 137.6855
89 132 143.71 1282.09 170 185.82 1288.92 42.6558
90 132 143.71 1282.09 286 76.57 1329.89 87.2799
91 157 1503.04 1271.28 152 1476.87 1311.11 47.6602
92 112 1327.79 1302.01 121 1372.74 1265.02 58.2103
93 328 961.93 1263.89 334 989.24 1291.20 38.6247
94 310 883.41 1381.10 328 961.93 1263.89 142.7595
95 132 143.71 1282.09 4 -0.81 1260.47 146.1336
96 227 446.42 1315.09 225 440.73 1260.47 54.9192
97 188 272.30 1251.37 184 257.51 1296.89 47.8633
98 285 757.09 1295.75 301 826.51 1244.54 86.2626
99 285 757.09 1295.75 281 729.78 1242.26 60.0555
100 281 729.78 1242.26 254 596.63 1307.13 148.1053
101 141 1437.04 1344.11 133 1431.92 1234.30 109.9357
102 133 1431.92 1234.30 121 1372.74 1265.02 69.4392
103 323 936.89 1230.88 328 961.93 1263.89 41.4236
104 241 521.53 1325.34 239 504.46 1229.75 98.4603
105 239 504.46 1229.75 225 440.73 1260.47 70.7481
106 92 1180.99 1288.35 99 1240.17 1229.18 83.6870
107 225 440.73 1260.47 216 407.73 1221.78 50.8544
108 254 596.63 1307.13 242 522.22 1220.89 115.2726
109 242 522.22 1220.89 239 504.46 1229.75 19.8528
110 195 313.84 1218.93 188 272.30 1251.37 52.6991
111 281 729.78 1242.26 301 826.51 1244.54 114.0174
112 160 1536.05 1215.52 157 1503.04 1271.28 65.2221
113 319 93.64 1214.95 132 143.71 1282.09 87.8821
114 174 210.85 1213.81 188 272.30 1251.37 72.0180
115 174 210.85 1213.81 170 185.82 1288.92 80.2402
116 137 1434.20 1213.81 133 1431.92 1234.30 20.6099
117 99 1240.17 1229.18 97 1231.06 1209.83 21.3809
118 315 913.56 1208.69 323 936.89 1230.88 32.1974
119 301 826.51 1244.54 315 913.56 1208.69 112.8702
120 216 407.73 1221.78 202 364.48 1206.99 45.7043
121 202 364.48 1206.99 195 313.84 1218.93 52.0313
122 319 93.64 1214.95 3 -0.81 1205.85 95.4441
123 150 1465.49 1200.73 157 1503.04 1271.28 79.9273
124 137 1434.20 1213.81 150 1465.49 1200.73 33.9210
125 334 989.24 1291.20 323 936.89 1230.88 181.2029
126 178 224.51 1194.47 174 210.85 1213.81 23.6801
127 135 1433.06 1188.78 137 1434.20 1213.81 25.0617
128 155 1485.97 1187.07 160 1536.05 1215.52 57.5896
129 150 1465.49 1200.73 155 1485.97 1187.07 24.6185
130 108 1297.07 1182.52 121 1372.74 1265.02 111.9550
131 108 1297.07 1182.52 99 1240.17 1229.18 73.5835
132 110 1313.57 1170.57 135 1433.06 1188.78 120.8686
133 110 1313.57 1170.57 108 1297.07 1182.52 20.3729
134 239 504.46 1229.75 224 440.73 1163.74 93.8300
135 224 440.73 1163.74 216 407.73 1221.78 66.7644
136 104 127.78 1162.60 174 210.85 1213.81 97.5892
137 104 127.78 1162.60 319 93.64 1214.95 62.4964
138 155 1485.97 1187.07 134 1433.06 1155.78 61.4781
139 135 1433.06 1188.78 134 1433.06 1155.78 33.0018
140 189 281.41 1150.09 195 313.84 1218.93 76.1053
141 189 281.41 1150.09 178 224.51 1194.47 72.4517
142 155 1485.97 1187.07 42 1559.94 1149.52 83.1025
143 92 1180.99 1288.35 63 1009.16 1148.38 221.6313
144 270 676.86 1143.83 281 729.78 1242.26 111.9591
145 270 676.86 1143.83 242 522.22 1220.89 172.7759
146 231 454.95 1141.55 224 440.73 1163.74 26.3588
147 66 1021.67 1140.41 63 1009.16 1148.38 14.8376
148 224 440.73 1163.74 204 373.59 1134.15 74.1218
149 204 373.59 1134.15 202 364.48 1206.99 73.3983
150 204 373.59 1134.15 189 281.41 1150.09 94.7384
151 95 1216.27 1127.90 108 1297.07 1182.52 97.5295
152 97 1231.06 1209.83 95 1216.27 1127.90 83.2604
153 72 1061.50 1119.93 66 1021.67 1140.41 44.7884
154 134 1433.06 1155.78 118 1363.64 1113.67 81.1893
155 118 1363.64 1113.67 110 1313.57 1170.57 75.7941
156 229 45.84 1110.26 104 127.78 1162.60 97.2302
157 97 1231.06 1209.83 76 1093.37 1106.27 172.3935
158 76 1093.37 1106.27 72 1061.50 1119.93 34.6668
159 284 746.28 1105.14 270 676.86 1143.83 79.4724
160 290 790.66 1083.51 315 913.56 1208.69 175.4309
161 290 790.66 1083.51 284 746.28 1105.14 49.3685
162 229 45.84 1110.26 12 0.32 1082.94 53.0847
163 260 621.10 1082.38 270 676.86 1143.83 83.2271
164 260 621.10 1082.38 231 454.95 1141.55 185.2548
165 95 1216.27 1127.90 83 1145.71 1075.55 87.8543
166 83 1145.71 1075.55 76 1093.37 1106.27 60.6990
167 83 1145.71 1075.55 87 1158.80 1071.56 13.6796
168 205 377.00 1068.15 204 373.59 1134.15 66.0919
169 277 712.14 1037.99 284 746.28 1105.14 75.3228
170 277 712.14 1037.99 260 621.10 1082.38 101.2814
171 98 1233.91 1032.87 118 1363.64 1113.67 152.8346
172 98 1233.91 1032.87 87 1158.80 1071.56 84.4878
173 313 897.63 1031.17 63 1009.16 1148.38 166.3626
174 313 897.63 1031.17 290 790.66 1083.51 119.0931
175 136 1433.63 1030.03 36 1558.81 1097.17 142.0487
176 134 1433.06 1155.78 136 1433.63 1030.03 125.7495
177 177 222.80 1027.75 189 281.41 1150.09 135.6481
178 178 224.51 1194.47 90 118.68 1012.39 211.3608
179 90 118.68 1012.39 229 45.84 1110.26 121.9937
180 231 454.95 1141.55 240 517.54 1008.41 147.1228
181 208 387.24 1006.70 205 377.00 1068.15 62.2992
182 240 517.54 1008.41 236 471.45 1005.56 46.1764
183 208 387.24 1006.70 236 471.45 1005.56 84.2192
184 94 1184.98 999.87 98 1233.91 1032.87 59.0223
185 87 1158.80 1071.56 79 1103.04 998.73 91.7268
186 66 1021.67 1140.41 329 964.20 995.32 156.0608
187 329 964.20 995.32 313 897.63 1031.17 75.6102
188 191 289.94 994.75 204 373.59 1134.15 163.2340
189 177 222.80 1027.75 191 289.94 994.75 74.8139
190 244 528.92 993.61 260 621.10 1082.38 129.0877
191 240 517.54 1008.41 244 528.92 993.61 18.6645
192 272 680.84 990.77 277 712.14 1037.99 56.6545
193 272 680.84 990.77 244 528.92 993.61 151.9488
194 290 790.66 1083.51 287 786.11 989.06 95.2641
195 277 712.14 1037.99 287 786.11 989.06 88.6906
196 136 1433.63 1030.03 116 1343.73 979.96 102.9051
197 116 1343.73 979.96 98 1233.91 1032.87 121.9009
198 94 1184.98 999.87 85 1148.56 978.25 42.3511
199 79 1103.04 998.73 85 1148.56 978.25 49.9163
200 72 1061.50 1119.93 62 1004.03 977.11 153.9471
201 62 1004.03 977.11 329 964.20 995.32 43.7943
202 196 315.55 972.56 205 377.00 1068.15 119.7135
203 191 289.94 994.75 196 315.55 972.56 33.8828
204 76 1093.37 1106.27 68 1034.76 961.18 156.4833
205 68 1034.76 961.18 62 1004.03 977.11 34.6108
206 116 1343.73 979.96 126 1392.66 956.06 54.4575
207 79 1103.04 998.73 71 1060.93 946.39 67.1802
208 71 1060.93 946.39 68 1034.76 961.18 30.0654
209 305 849.84 945.82 313 897.63 1031.17 98.0145
210 287 786.11 989.06 305 849.84 945.82 77.0145
211 236 471.45 1005.56 209 392.93 938.42 103.6508
212 209 392.93 938.42 208 387.24 1006.70 68.5163
213 85 1148.56 978.25 75 1085.97 932.73 77.7574
214 75 1085.97 932.73 71 1060.93 946.39 28.5180
215 139 1435.33 932.73 136 1433.63 1030.03 97.3134
216 139 1435.33 932.73 126 1392.66 956.06 48.6350
217 203 370.17 920.21 209 392.93 938.42 29.1469
218 203 370.17 920.21 196 315.55 972.56 75.7995
219 244 528.92 993.61 234 468.61 909.40 104.8295
220 305 849.84 945.82 296 813.99 897.45 60.2183
221 158 1507.03 897.45 38 1559.38 1005.56 120.1163
222 139 1435.33 932.73 158 1507.03 897.45 79.9031
223 89 1170.18 894.04 94 1184.98 999.87 115.0657
224 75 1085.97 932.73 89 1170.18 894.04 92.6748
225 116 1343.73 979.96 93 1184.98 886.07 184.6793
226 89 1170.18 894.04 93 1184.98 886.07 16.8023
227 296 813.99 897.45 289 788.95 880.38 30.3014
228 287 786.11 989.06 289 788.95 880.38 108.7156
229 279 724.09 874.69 289 788.95 880.38 65.6824
230 272 680.84 990.77 279 724.09 874.69 123.8690
231 179 23.65 874.12 90 118.68 1012.39 167.7701
232 179 23.65 874.12 2 -0.24 901.43 36.2911
233 234 468.61 909.40 221 430.49 869.00 55.5464
234 212 398.62 867.86 221 430.49 869.00 31.8841
235 209 392.93 938.42 212 398.62 867.86 70.7847
236 138 1434.20 865.59 139 1435.33 932.73 67.1513
237 123 1377.30 865.59 138 1434.20 865.59 56.9587
238 162 1558.24 861.04 158 1507.03 897.45 65.1736
239 279 724.09 874.69 252 588.67 846.24 138.3774
240 252 588.67 846.24 272 680.84 990.77 172.0525
241 252 588.67 846.24 244 528.92 993.61 159.0201
242 1 -0.24 839.98 179 23.65 874.12 41.6729
243 183 249.55 838.28 203 370.17 920.21 147.1248
244 196 315.55 972.56 183 249.55 838.28 149.6278
245 307 869.75 838.28 329 964.20 995.32 184.3769
246 307 869.75 838.28 296 813.99 897.45 81.3088
247 140 1436.47 838.28 138 1434.20 865.59 27.4065
248 212 398.62 867.86 213 400.90 831.45 36.4868
249 158 1507.03 897.45 151 1474.03 830.31 74.8139
250 151 1474.03 830.31 140 1436.47 838.28 38.8464
251 126 1392.66 956.06 107 1295.36 829.17 197.5957
252 107 1295.36 829.17 93 1184.98 886.07 124.1874
253 140 1436.47 838.28 127 1398.92 829.17 38.7597
254 123 1377.30 865.59 127 1398.92 829.17 42.3511
255 289 788.95 880.38 283 741.16 826.90 71.8499
256 283 741.16 826.90 279 724.09 874.69 50.7525
257 250 559.65 825.19 252 588.67 846.24 36.0997
258 234 468.61 909.40 250 559.65 825.19 124.0152
259 114 1332.91 813.24 123 1377.30 865.59 69.1554
260 114 1332.91 813.24 107 1295.36 829.17 40.7935
261 156 1496.79 809.83 162 1558.24 861.04 79.9921
262 156 1496.79 809.83 151 1474.03 830.31 30.6203
263 314 910.72 796.17 75 1085.97 932.73 222.1742
264 314 910.72 796.17 307 869.75 838.28 58.7474
265 127 1398.92 829.17 122 1377.30 792.76 42.3511
266 122 1377.30 792.76 114 1332.91 813.24 48.8808
267 243 527.78 783.08 250 559.65 825.19 52.8034
268 221 430.49 869.00 243 527.78 783.08 129.8036
269 64 102.17 781.94 177 222.80 1027.75 273.8099
270 179 23.65 874.12 64 102.17 781.94 121.0881
271 93 1184.98 886.07 67 1030.21 779.10 189.2543
272 64 102.17 781.94 11 -1.95 792.76 106.2771
273 322 935.19 770.57 314 910.72 796.17 35.4151
274 142 1443.30 756.34 156 1496.79 809.83 75.7944
275 142 1443.30 756.34 140 1436.47 838.28 82.6620
276 142 1443.30 756.34 122 1377.30 792.76 75.3829
277 308 87.95 750.65 64 102.17 781.94 34.3760
278 165 168.75 746.10 191 289.94 994.75 276.7191
279 64 102.17 781.94 165 168.75 746.10 76.4917
280 314 910.72 796.17 302 839.59 738.70 91.4404
281 67 1030.21 779.10 18 1071.18 729.03 64.6957
282 67 1030.21 779.10 333 973.88 728.46 75.7471
283 322 935.19 770.57 333 973.88 728.46 57.1835
284 171 196.06 726.75 183 249.55 838.28 123.6858
285 171 196.06 726.75 165 168.75 746.10 33.4694
286 263 634.19 723.34 283 741.16 826.90 148.8859
287 263 634.19 723.34 252 588.67 846.24 131.0621
288 213 400.90 831.45 176 221.10 715.37 214.0154
289 176 221.10 715.37 171 196.06 726.75 27.5008
290 142 1443.30 756.34 125 1380.71 710.82 77.6287
291 122 1377.30 792.76 125 1380.71 710.82 87.0011
292 302 839.59 738.70 291 797.49 706.84 52.8034
293 289 788.95 880.38 291 797.49 706.84 173.7538
294 264 637.60 703.99 263 634.19 723.34 19.6448
295 309 872.60 701.15 322 935.19 770.57 94.1034
296 309 872.60 701.15 302 839.59 738.70 49.9940
297 261 621.10 700.01 264 637.60 703.99 16.9748
298 243 527.78 783.08 261 621.10 700.01 124.9359
299 259 62.91 698.30 308 87.95 750.65 58.0265
300 6 -0.81 733.58 259 62.91 698.30 72.8405
301 142 1443.30 756.34 40 1559.38 698.30 129.7763
302 171 196.06 726.75 169 180.13 686.92 42.8979
303 143 1444.44 680.09 142 1443.30 756.34 76.2540
304 125 1380.71 710.82 143 1444.44 680.09 74.7319
305 175 213.70 670.42 176 221.10 715.37 49.2056
306 169 180.13 686.92 175 213.70 670.42 37.4069
307 219 420.81 665.87 243 527.78 783.08 158.6879
308 333 973.88 728.46 70 1044.43 656.77 100.5886
309 333 973.88 728.46 316 914.70 654.49 94.7273
310 316 914.70 654.49 309 872.60 701.15 62.8478
311 280 728.07 652.21 291 797.49 706.84 88.3320
312 169 180.13 686.92 91 118.68 651.64 70.8578
313 308 87.95 750.65 91 118.68 651.64 105.0377
314 199 35.60 642.54 259 62.91 698.30 62.0911
315 10 -1.95 669.85 199 35.60 642.54 46.4351
316 211 398.05 636.28 219 420.81 665.87 37.3290
317 211 398.05 636.28 213 400.90 831.45 195.1866
318 176 221.10 715.37 211 398.05 636.28 193.8284
319 143 1444.44 680.09 144 1445.58 633.44 46.6716
320 125 1380.71 710.82 102 1260.08 616.37 153.2071
321 316 914.70 654.49 311 885.11 607.83 55.2484
322 168 18.53 604.99 199 35.60 642.54 41.2513
323 267 658.65 603.28 280 728.07 652.21 84.9312
324 264 637.60 703.99 267 658.65 603.28 102.8893
325 291 797.49 706.84 293 806.59 603.28 103.9568
326 261 621.10 700.01 247 540.30 602.14 126.9105
327 219 420.81 665.87 247 540.30 602.14 135.4212
328 144 1445.58 633.44 159 1526.37 601.57 88.1388
329 207 382.12 597.59 211 398.05 636.28 41.8435
330 175 213.70 670.42 207 382.12 597.59 183.4959
331 159 1526.37 601.57 163 1560.51 597.02 39.4055
332 91 118.68 651.64 168 18.53 604.99 119.3986
333 332 971.60 590.76 70 1044.43 656.77 98.2899
334 332 971.60 590.76 316 914.70 654.49 85.4329
335 84 1146.85 581.66 93 1184.98 886.07 306.7911
336 84 1146.85 581.66 20 1120.68 614.66 42.1211
337 306 853.82 574.26 311 885.11 607.83 45.8951
338 293 806.59 603.28 306 853.82 574.26 57.4992
339 161 1551.41 571.99 163 1560.51 597.02 26.8992
340 159 1526.37 601.57 161 1551.41 571.99 43.8178
341 168 18.53 604.99 16 0.89 568.00 40.9757
342 207 382.12 597.59 206 377.57 565.73 32.1873
343 81 1138.89 563.45 84 1146.85 581.66 19.8742
344 70 1044.43 656.77 81 1138.89 563.45 132.7751
345 332 971.60 590.76 321 931.77 560.04 50.3040
346 311 885.11 607.83 321 931.77 560.04 66.7935
347 161 1551.41 571.99 44 1559.94 557.76 16.5890
348 144 1445.58 633.44 146 1448.42 556.62 76.8672
349 61 1002.33 554.35 332 971.60 590.76 47.6465
350 146 1448.42 556.62 115 1341.45 552.07 107.0681
351 115 1341.45 552.07 103 1266.34 550.93 75.1162
352 103 1266.34 550.93 102 1260.08 616.37 65.7333
353 267 658.65 603.28 253 590.94 550.36 85.9355
354 253 590.94 550.36 247 540.30 602.14 72.4259
355 88 1162.78 540.69 102 1260.08 616.37 123.2637
356 88 1162.78 540.69 81 1138.89 563.45 33.0018
357 280 728.07 652.21 52 737.18 536.14 116.4318
358 306 853.82 574.26 294 808.30 534.43 63.6195
359 293 806.59 603.28 294 808.30 534.43 68.8698
360 321 931.77 560.04 312 897.06 525.33 49.0857
361 312 897.06 525.33 306 853.82 574.26 65.3033
362 161 1551.41 571.99 145 1448.42 515.65 118.4930
363 145 1448.42 515.65 146 1448.42 556.62 40.9678
364 0 -0.24 522.48 197 32.76 500.86 39.4541
365 233 468.61 497.45 247 540.30 602.14 126.9387
366 206 377.57 565.73 233 468.61 497.45 114.5710
367 320 930.63 492.89 61 1002.33 554.35 94.4260
368 320 930.63 492.89 312 897.06 525.33 46.6786
369 253 590.94 550.36 266 650.12 480.95 91.2171
370 197 32.76 500.86 257 61.21 480.38 35.0569
371 271 679.71 478.67 267 658.65 603.28 126.3762
372 266 650.12 480.95 271 679.71 478.67 29.6752
373 237 499.33 475.82 253 590.94 550.36 118.1021
374 237 499.33 475.82 233 468.61 497.45 37.5710
375 88 1162.78 540.69 73 1075.16 472.41 111.0870
376 73 1075.16 472.41 61 1002.33 554.35 109.6260
377 181 238.73 470.13 207 382.12 597.59 193.1542
378 181 238.73 470.13 175 213.70 670.42 202.2565
379 111 1322.10 466.72 145 1448.42 515.65 135.4642
380 115 1341.45 552.07 111 1322.10 466.72 92.5248
381 295 811.71 455.91 312 897.06 525.33 110.9952
382 294 808.30 534.43 295 811.71 455.91 78.5957
383 232 465.19 451.93 237 499.33 475.82 41.6729
384 105 1272.03 449.65 111 1322.10 466.72 52.9013
385 103 1266.34 550.93 105 1272.03 449.65 101.4411
386 105 1272.03 449.65 88 1162.78 540.69 142.2083
387 223 439.02 434.86 232 465.19 451.93 31.2482
388 223 439.02 434.86 233 468.61 497.45 69.7103
389 266 650.12 480.95 248 544.85 426.89 118.3322
390 248 544.85 426.89 237 499.33 475.82 66.8323
391 197 32.76 500.86 15 0.89 417.79 88.9804
392 249 559.08 414.94 248 544.85 426.89 18.5776
393 245 530.06 413.24 248 544.85 426.89 20.1331
394 232 465.19 451.93 245 530.06 413.24 75.5288
395 73 1075.16 472.41 60 1000.05 413.24 95.6185
396 60 1000.05 413.24 320 930.63 492.89 105.6619
397 271 679.71 478.67 274 692.22 406.98 72.7782
398 274 692.22 406.98 249 559.08 414.94 133.3833
399 215 403.74 404.13 223 439.02 434.86 46.7825
400 181 238.73 470.13 167 176.14 401.86 92.6260
401 167 176.14 401.86 91 118.68 651.64 256.3544
402 167 176.14 401.86 257 61.21 480.38 139.1985
403 330 968.19 389.34 60 1000.05 413.24 39.8298
404 330 968.19 389.34 57 904.46 458.75 94.2338
405 192 292.22 348.37 215 403.74 404.13 127.6034
406 206 377.57 565.73 192 292.22 348.37 233.5133
407 330 968.19 389.34 317 919.25 343.82 66.8323
408 257 61.21 480.38 255 6.58 329.02 161.8143
409 276 702.47 328.45 274 692.22 406.98 79.1867
410 265 639.88 325.04 276 702.47 328.45 62.6827
411 249 559.08 414.94 265 639.88 325.04 120.8885
412 251 578.43 323.90 265 639.88 325.04 61.4622
413 327 96.48 321.06 167 176.14 401.86 113.4631
414 255 6.58 329.02 327 96.48 321.06 90.2537
415 246 536.89 321.06 251 578.43 323.90 41.6341
416 245 530.06 413.24 246 536.89 321.06 92.4300
417 105 1272.03 449.65 325 940.88 319.92 355.6608
418 325 940.88 319.92 317 919.25 343.82 32.2276
419 217 410.57 315.37 246 536.89 321.06 126.4453
420 215 403.74 404.13 217 410.57 315.37 89.0257
421 192 292.22 348.37 190 288.81 311.95 36.5755
422 210 393.50 310.82 217 410.57 315.37 17.6664
423 190 288.81 311.95 210 393.50 310.82 104.7016
424 324 938.60 297.16 325 940.88 319.92 22.8734
425 303 847.56 296.02 324 938.60 297.16 91.0465
426 317 919.25 343.82 303 847.56 296.02 86.1649
427 190 288.81 311.95 185 258.08 292.61 36.3090
428 185 258.08 292.61 167 176.14 401.86 136.5592
429 185 258.08 292.61 327 96.48 321.06 167.1693
430 145 1448.42 515.65 147 1452.97 290.33 225.3687
431 147 1452.97 290.33 105 1272.03 449.65 241.0854
432 147 1452.97 290.33 43 1559.94 286.92 107.0259
433 106 1281.14 284.64 147 1452.97 290.33 171.9312
434 105 1272.03 449.65 106 1281.14 284.64 165.2600
435 65 1021.10 280.66 106 1281.14 284.64 260.0619
436 324 938.60 297.16 65 1021.10 280.66 92.3991
437 303 847.56 296.02 298 816.27 277.24 36.4957
438 298 816.27 277.24 295 811.71 455.91 178.7230
439 276 702.47 328.45 298 816.27 277.24 125.9710
440 65 1021.10 280.66 56 887.96 257.90 135.6231
441 210 393.50 310.82 218 411.14 256.76 56.8598
442 297 816.27 236.28 298 816.27 277.24 40.9678
443 65 1021.10 280.66 297 816.27 236.28 234.3893
444 147 1452.97 290.33 148 1457.53 226.60 63.8900
445 59 0.32 221.48 327 96.48 321.06 138.4265
446 278 719.54 221.48 297 816.27 236.28 97.9257
447 276 702.47 328.45 278 719.54 221.48 108.3248
448 269 671.74 210.10 278 719.54 221.48 49.1318
449 265 639.88 325.04 269 671.74 210.10 119.2724
450 182 24.22 202.14 185 258.08 292.61 250.7688
451 182 24.22 202.14 59 0.32 221.48 30.7469
452 262 630.77 198.72 269 671.74 210.10 42.5190
453 251 578.43 323.90 262 630.77 198.72 135.6840
454 182 24.22 202.14 9 -1.95 191.90 28.1064
455 218 411.14 256.76 194 312.13 171.41 130.7158
456 228 446.42 138.41 262 630.77 198.72 194.0110
457 228 446.42 138.41 218 411.14 256.76 123.4972
458 201 363.34 100.86 228 446.42 138.41 91.1674
459 194 312.13 171.41 201 363.34 100.86 87.1810
460 185 258.08 292.61 96 123.23 95.17 239.1412
461 96 123.23 95.17 182 24.22 202.14 145.7565
462 194 312.13 171.41 164 164.20 54.20 188.7457
463 164 164.20 54.20 96 123.23 95.17 57.9372
464 149 1459.80 38.84 41 1559.38 82.65 121.3418
465 148 1457.53 226.60 149 1459.80 38.84 187.7827
466 154 1485.41 38.27 39 1559.38 66.72 80.4762
467 149 1459.80 38.84 154 1485.41 38.27 25.6112
468 131 1417.70 33.15 149 1459.80 38.84 42.4886
469 120 1372.18 78.67 131 1417.70 33.15 66.5977
470 120 1372.18 78.67 119 1372.18 30.87 48.2988
471 109 1302.76 28.59 119 1372.18 30.87 69.4549
472 128 1399.49 27.46 131 1417.70 33.15 19.0762
473 119 1372.18 30.87 128 1399.49 27.46 27.5243
474 100 1247.00 26.32 109 1302.76 28.59 55.8081
475 86 1157.09 25.18 100 1247.00 26.32 89.9087
476 78 1095.64 25.18 86 1157.09 25.18 61.4517
477 318 924.94 24.04 78 1095.64 25.18 170.7028
478 318 924.94 24.04 120 1372.18 78.67 469.3982
479 300 825.94 22.90 318 924.94 24.04 99.0120
480 297 816.27 236.28 300 825.94 22.90 213.5929
481 109 1302.76 28.59 25 1305.03 2.42 26.2726
482 119 1372.18 30.87 26 1374.45 2.42 28.5407
483 86 1157.09 25.18 21 1163.92 1.28 24.9603
484 100 1247.00 26.32 22 1243.58 1.28 25.2675
485 96 123.23 95.17 17 103.88 0.71 96.4143
486 149 1459.80 38.84 30 1453.54 0.71 38.6332
487 154 1485.41 38.27 33 1544.58 0.71 84.6515
488 78 1095.64 25.18 19 1096.78 0.14 25.0617
489 128 1399.49 27.46 28 1402.90 0.14 27.5244
490 201 363.34 100.86 173 210.85 -0.43 184.2970
491 173 210.85 -0.43 164 164.20 54.20 71.8507
492 300 825.94 22.90 51 681.98 -0.43 146.0835
493 300 825.94 22.90 55 831.06 -3.84 27.2287
494 255 6.58 329.02 7 -1.62 330.03 8.2599
